[gd_scene format=3 uid="uid://bc2vw23cblqh4"]

[ext_resource type="PackedScene" uid="uid://l2feok1708l8" path="res://assets/3dModels/Player/space_man_model.fbx" id="1_f7f3j"]
[ext_resource type="Script" uid="uid://vy0e3ws1d34r" path="res://assets/3dModels/Player/space_man_mode_animation_scriptl.gd" id="2_b141b"]

[node name="space_man_model" unique_id=1928513583 instance=ExtResource("1_f7f3j")]
script = ExtResource("2_b141b")

[node name="Skeleton3D" parent="space_man_model" parent_id_path=PackedInt32Array(1653551564) index="0" unique_id=509698775]
bones/0/position = Vector3(-0.0031533816, 0.1097908, 0.009281064)
bones/0/rotation = Quaternion(0.4842632, 0.45651853, 0.51133585, 0.5437055)
bones/1/position = Vector3(0.0033422632, 0.00911331, 0.030992968)
bones/1/rotation = Quaternion(0.34414244, 0.8980322, 0.026079342, -0.272808)
bones/1/scale = Vector3(1.0000002, 1.0000002, 1.0000001)
bones/2/position = Vector3(0.07463434, 4.943257e-08, 6.264745e-08)
bones/2/rotation = Quaternion(0.010899382, -0.18412691, -0.85427403, 0.48599854)
bones/2/scale = Vector3(0.9999999, 1.0000001, 1.0000001)
bones/3/position = Vector3(0.032773025, 1.1310254e-10, -7.4703843e-10)
bones/3/rotation = Quaternion(0.0051122946, -0.027077544, 0.7627349, 0.646124)
bones/3/scale = Vector3(0.9999996, 1, 0.99999994)
bones/4/position = Vector3(0.0033425218, 0.009113306, -0.027885927)
bones/4/rotation = Quaternion(-0.09250837, 0.9867611, 0.11574522, 0.065938495)
bones/4/scale = Vector3(1.0000001, 1.0000001, 1.0000002)
bones/5/position = Vector3(0.075559504, 2.5880638e-07, 1.605973e-08)
bones/5/rotation = Quaternion(-0.02032322, 0.17473756, -0.53236985, 0.8280316)
bones/5/scale = Vector3(1.0000002, 0.9999999, 0.9999995)
bones/6/position = Vector3(0.03276372, -2.0852133e-09, 1.1025458e-08)
bones/6/rotation = Quaternion(0.04757496, -0.059259083, 0.51843, 0.85173666)
bones/6/scale = Vector3(1, 0.9999998, 1.0000005)
bones/7/position = Vector3(0.008834372, 0.010279389, -3.4043734e-09)
bones/7/rotation = Quaternion(0.02276943, 0.016437195, -0.00096975674, 0.9996052)
bones/7/scale = Vector3(1.0000006, 1.0000007, 1)
bones/8/position = Vector3(0.06757322, 1.4354057e-09, 3.7010105e-15)
bones/8/rotation = Quaternion(0.08197981, 0.03836171, 0.012130356, 0.99582154)
bones/8/scale = Vector3(1.0000002, 0.99999994, 1)
bones/9/position = Vector3(0.05967303, -4.6060564e-09, 8.2288944e-16)
bones/9/rotation = Quaternion(0.008597738, 0.015743013, 0.076560065, 0.99690366)
bones/9/scale = Vector3(0.99999934, 0.99999946, 1)
bones/10/position = Vector3(-0.011719898, 0.007441404, 0.038590908)
bones/10/rotation = Quaternion(-0.041193463, -0.8189177, -0.13587758, 0.55607045)
bones/10/scale = Vector3(0.9999999, 1, 1.0000001)
bones/11/position = Vector3(0.032725383, 1.1012584e-08, -5.664867e-09)
bones/11/rotation = Quaternion(0.26166642, -0.2392281, 0.4116493, 0.83955073)
bones/11/scale = Vector3(1, 1, 0.9999998)
bones/12/position = Vector3(0.057991736, 1.0755116e-09, -4.6091678e-08)
bones/12/rotation = Quaternion(0.026327921, -9.0249814e-05, 0.45144123, 0.89191234)
bones/12/scale = Vector3(0.9999998, 1.0000001, 1.0000002)
bones/13/position = Vector3(0.060218543, -1.3711606e-08, 6.266125e-08)
bones/13/rotation = Quaternion(-0.9513467, -0.1303581, -0.030236088, -0.27754682)
bones/13/scale = Vector3(1.0000005, 0.9999998, 0.99999964)
bones/14/position = Vector3(0.03997681, 0.00042338626, 0.0006247683)
bones/14/rotation = Quaternion(-1.0628596e-09, 1.4913666e-10, 1.136248e-09, 1)
bones/14/scale = Vector3(1, 0.9999998, 1)
bones/15/position = Vector3(0.009893757, 0.00077273377, 0.016597012)
bones/15/rotation = Quaternion(0.29520735, -0.39603683, 0.022035653, 0.86920774)
bones/15/scale = Vector3(1.0000004, 0.9999998, 0.9999994)
bones/16/position = Vector3(0.00015416788, -0.007081477, -3.369228e-10)
bones/16/rotation = Quaternion(-0.034439273, -0.034660242, -0.17507651, 0.98334163)
bones/16/scale = Vector3(1.0000002, 1.0000002, 1)
bones/17/position = Vector3(0.05260829, -3.565358e-09, -2.5375282e-15)
bones/17/rotation = Quaternion(-0.016242815, -0.0197674, 0.1247531, 0.991858)
bones/17/scale = Vector3(0.9999998, 0.9999998, 1)
bones/18/position = Vector3(-0.011719898, 0.007441415, -0.0385909)
bones/18/rotation = Quaternion(0.14301081, 0.8073853, -0.065460935, 0.56867534)
bones/18/scale = Vector3(1, 1, 1)
bones/19/position = Vector3(0.03272538, 9.799881e-09, 4.3292182e-08)
bones/19/rotation = Quaternion(-0.60303, 0.016773058, 0.060067654, 0.7952768)
bones/19/scale = Vector3(0.99999994, 0.99999976, 0.99999994)
bones/20/position = Vector3(0.057991743, -1.0091562e-09, -6.7941333e-09)
bones/20/rotation = Quaternion(0.25542423, 0.053517945, 0.6556817, 0.7085026)
bones/20/scale = Vector3(0.99999994, 1.0000001, 1.0000001)
bones/21/position = Vector3(0.0602185, -3.4597463e-09, 2.3710124e-08)
bones/21/rotation = Quaternion(0.8116089, 0.24558495, 0.25799873, 0.4630504)
bones/21/scale = Vector3(1.0000002, 0.9999998, 0.9999998)
bones/22/position = Vector3(0.03997681, 0.00042338256, -0.00062476966)
bones/22/rotation = Quaternion(0.17989102, 0.066853516, -0.36991, 0.9090305)
bones/22/scale = Vector3(1, 0.99999994, 1)
bones/23/position = Vector3(0.009893812, 0.00077274133, -0.016596979)
bones/23/rotation = Quaternion(-0.6950612, 0.36918035, -0.25080428, 0.5636427)
bones/23/scale = Vector3(1.0000005, 0.99999994, 0.99999976)

[node name="Leg_02_L" parent="space_man_model/Skeleton3D" index="0" unique_id=1915234597]
transform = Transform3D(-0.19662118, 0.123470545, -0.9726746, -0.26908362, -0.9607446, -0.06756219, -0.9428332, 0.24844655, 0.2221265, 0.056442853, 0.06368467, 0.071025856)
bone_idx = 2

[node name="Plane_013" parent="space_man_model/Skeleton3D" index="1" unique_id=1495477409]
transform = Transform3D(0.060253024, -0.113881975, 0.9916655, 0.9981824, 0.0080497265, -0.05972457, -0.0011809766, 0.9934616, 0.11416006, -0.0031533816, 0.1097908, 0.009281064)
bone_idx = 0

[node name="Leg_02_R" parent="space_man_model/Skeleton3D" index="2" unique_id=1842284783]
transform = Transform3D(0.107788414, 0.08910248, -0.99017256, -0.22382626, -0.96823096, -0.111493215, -0.9686507, 0.23364416, -0.08442058, -0.04599418, 0.041972734, 0.001368654)
bone_idx = 5

[node name="Arm_02_L" parent="space_man_model/Skeleton3D" index="3" unique_id=824432641]
transform = Transform3D(-0.2530081, -0.83209515, -0.49356276, -0.4063111, 0.5543792, -0.72634387, 0.878008, 0.016769165, -0.478352, 0.0948808, 0.1862435, 0.041865196)
bone_idx = 12

[node name="Helmet_02" parent="space_man_model/Skeleton3D" index="4" unique_id=784951723]
transform = Transform3D(0.023561612, 0.003656868, 0.9997156, 0.99742705, -0.06781336, -0.023259526, 0.06770903, 0.9976916, -0.0052453876, -0.006814682, 0.29888457, 0.0038139513)
bone_idx = 17

[node name="Arm_02_R" parent="space_man_model/Skeleton3D" index="5" unique_id=734534700]
transform = Transform3D(0.43850613, 0.7825361, -0.4419832, -0.70094085, 0.6055831, 0.37676382, 0.56248873, 0.14459082, 0.81406385, -0.11854245, 0.1882761, 0.052445754)
bone_idx = 20

[node name="Suit_02" parent="space_man_model/Skeleton3D" index="6" unique_id=1658578860]
transform = Transform3D(-0.048661213, 0.09570973, 0.9942191, 0.99863225, -0.014438261, 0.050267138, 0.019165969, 0.9953052, -0.094876274, -0.0019182841, 0.18623787, 0.019069312)
bone_idx = 8
