[gd_scene format=3 uid="uid://bc2vw23cblqh4"]

[ext_resource type="PackedScene" uid="uid://l2feok1708l8" path="res://assets/3dModels/Player/space_man_model.fbx" id="1_f7f3j"]
[ext_resource type="Script" uid="uid://vy0e3ws1d34r" path="res://assets/3dModels/Player/space_man_mode_animation_scriptl.gd" id="2_b141b"]

[node name="space_man_model" unique_id=1928513583 instance=ExtResource("1_f7f3j")]
script = ExtResource("2_b141b")

[node name="space_man_model" parent="." index="0" unique_id=977097921]
transform = Transform3D(-2.5616388, -3.060856, 0.2629951, 0.43613285, -0.023367431, 3.9760838, -3.0410187, 2.574998, 0.3486997, 0, 0, 0)

[node name="Skeleton3D" parent="space_man_model" index="0" unique_id=1523947971]
bones/1/position = Vector3(0.0033422632, 0.00911331, 0.030992968)
bones/1/rotation = Quaternion(0.012155143, 0.9891332, -0.024006838, -0.14453901)
bones/1/scale = Vector3(1.0000002, 1.0000002, 1.0000001)
bones/2/position = Vector3(0.07463434, 4.943257e-08, 6.264745e-08)
bones/2/rotation = Quaternion(-0.02572684, -0.09330275, -0.06982509, 0.99285305)
bones/2/scale = Vector3(0.9999999, 1.0000001, 1.0000001)
bones/3/position = Vector3(0.032773025, 1.1310254e-10, -7.4703843e-10)
bones/3/rotation = Quaternion(-0.06663741, 0.0050757816, 0.5470326, 0.83443934)
bones/3/scale = Vector3(0.9999996, 1, 0.99999994)
bones/4/position = Vector3(0.0033425218, 0.009113306, -0.027885927)
bones/4/rotation = Quaternion(0.011315474, 0.98603964, 0.026035376, 0.16407302)
bones/4/scale = Vector3(1.0000001, 1.0000001, 1.0000002)
bones/5/position = Vector3(0.075559504, 2.5880638e-07, 1.605973e-08)
bones/5/rotation = Quaternion(0.022886325, 0.11278116, -0.068696946, 0.99097794)
bones/5/scale = Vector3(1.0000002, 0.9999999, 0.9999995)
bones/6/position = Vector3(0.03276372, -2.0852133e-09, 1.1025458e-08)
bones/6/rotation = Quaternion(0.07023863, -0.006713933, 0.54664093, 0.8343891)
bones/6/scale = Vector3(1, 0.9999998, 1.0000005)
bones/7/position = Vector3(0.008834372, 0.010279389, -3.4043734e-09)
bones/7/rotation = Quaternion(9.856931e-09, 2.2267669e-08, -0.017189166, 0.9998523)
bones/7/scale = Vector3(1.0000006, 1.0000007, 1)
bones/8/position = Vector3(0.06757322, 1.4354057e-09, 3.7010105e-15)
bones/8/scale = Vector3(1.0000002, 0.99999994, 1)
bones/9/position = Vector3(0.05967303, -4.6060564e-09, 8.2288944e-16)
bones/9/rotation = Quaternion(-2.6833131e-09, 3.7418904e-09, 0.06487522, 0.9978934)
bones/9/scale = Vector3(0.99999934, 0.99999946, 1)
bones/10/position = Vector3(-0.011719898, 0.007441404, 0.038590908)
bones/10/rotation = Quaternion(-0.095124185, -0.8144167, -0.09890051, 0.5638223)
bones/10/scale = Vector3(0.9999999, 1, 1.0000001)
bones/11/position = Vector3(0.032725383, 1.1012584e-08, -5.664867e-09)
bones/11/rotation = Quaternion(0.1355221, 0.1912835, -0.0064223884, 0.9721127)
bones/11/scale = Vector3(1, 1, 0.9999998)
bones/12/position = Vector3(0.057991736, 1.0755116e-09, -4.6091678e-08)
bones/12/scale = Vector3(0.9999998, 1.0000001, 1.0000002)
bones/13/position = Vector3(0.060218543, -1.3711606e-08, 6.266125e-08)
bones/13/rotation = Quaternion(-0.71104455, -0.011989832, -0.028567199, 0.7024641)
bones/13/scale = Vector3(1.0000005, 0.9999998, 0.99999964)
bones/14/position = Vector3(0.03997681, 0.00042338626, 0.0006247683)
bones/14/rotation = Quaternion(-1.0628596e-09, 1.4913666e-10, 1.136248e-09, 1)
bones/14/scale = Vector3(1, 0.9999998, 1)
bones/15/position = Vector3(0.009893757, 0.00077273377, 0.016597012)
bones/15/rotation = Quaternion(0.07965212, -0.5151944, -0.026169116, 0.85296273)
bones/15/scale = Vector3(1.0000004, 0.9999998, 0.9999994)
bones/16/position = Vector3(0.00015416788, -0.007081477, -3.369228e-10)
bones/16/rotation = Quaternion(-9.6262525e-15, -2.2174971e-08, -0.14685813, 0.9891576)
bones/16/scale = Vector3(1.0000002, 1.0000002, 1)
bones/17/position = Vector3(0.05260829, -3.565358e-09, -2.5375282e-15)
bones/17/rotation = Quaternion(5.537626e-16, 2.2174971e-08, 0.14685792, 0.9891576)
bones/17/scale = Vector3(0.9999998, 0.9999998, 1)
bones/18/position = Vector3(-0.011719898, 0.007441415, -0.0385909)
bones/18/rotation = Quaternion(0.09512361, 0.81441677, -0.09890011, 0.5638223)
bones/18/scale = Vector3(1, 1, 1)
bones/19/position = Vector3(0.03272538, 9.799881e-09, 4.3292182e-08)
bones/19/rotation = Quaternion(-0.13552211, -0.1912833, -0.0064223637, 0.9721128)
bones/19/scale = Vector3(0.99999994, 0.99999976, 0.99999994)
bones/20/position = Vector3(0.057991743, -1.0091562e-09, -6.7941333e-09)
bones/20/rotation = Quaternion(-0.025956629, -0.009376861, 0.013921119, 0.99952215)
bones/20/scale = Vector3(0.99999994, 1.0000001, 1.0000001)
bones/21/position = Vector3(0.0602185, -3.4597463e-09, 2.3710124e-08)
bones/21/rotation = Quaternion(0.7110446, 0.011989442, -0.028567165, 0.70246404)
bones/21/scale = Vector3(1.0000002, 0.9999998, 0.9999998)
bones/22/position = Vector3(0.03997681, 0.00042338256, -0.00062476966)
bones/22/scale = Vector3(1, 0.99999994, 1)
bones/23/position = Vector3(0.009893812, 0.00077274133, -0.016596979)
bones/23/rotation = Quaternion(-0.07965192, 0.5151945, -0.026169363, 0.85296273)
bones/23/scale = Vector3(1.0000005, 0.99999994, 0.99999976)

[node name="Leg_02_L" parent="space_man_model/Skeleton3D" index="0" unique_id=1233537548]
transform = Transform3D(0.103673905, 0.02691618, -0.9942474, -0.9886899, -0.10612907, -0.10596764, -0.10837076, 0.99398834, 0.015608881, 0.052290037, 0.048013136, -0.000844853)
bone_idx = 2

[node name="Plane_013" parent="space_man_model/Skeleton3D" index="1" unique_id=303430377]
transform = Transform3D(0, 5.9604645e-08, 1, 0.9999939, 0.003488481, 5.9604645e-08, -0.0034884512, 0.9999939, 0, -9.442689e-09, 0.11612447, -0.012508501)
bone_idx = 0

[node name="Leg_02_R" parent="space_man_model/Skeleton3D" index="2" unique_id=664137212]
transform = Transform3D(-0.1047627, -0.01937805, -0.99430823, -0.988578, -0.10689696, 0.106242105, -0.108347386, 0.9940812, -0.007957935, -0.05228983, 0.0480353, -0.0008256915)
bone_idx = 5

[node name="Arm_02_L" parent="space_man_model/Skeleton3D" index="3" unique_id=1785919959]
transform = Transform3D(0.9990193, -0.0038437601, 0.044099085, 0.043832466, -0.05325903, -0.99761856, 0.006183331, 0.9985736, -0.053038232, 0.12721884, 0.23014243, -0.004967168)
bone_idx = 12

[node name="Helmet_02" parent="space_man_model/Skeleton3D" index="4" unique_id=2096751401]
transform = Transform3D(-3.6781053e-08, 6.069962e-08, 1, 1.0000001, -8.940697e-08, 9.659363e-08, 5.9604645e-08, 1.0000001, -1.0953056e-09, -1.8868977e-08, 0.30218348, -0.034910385)
bone_idx = 17

[node name="Arm_02_R" parent="space_man_model/Skeleton3D" index="5" unique_id=374093075]
transform = Transform3D(-0.9990196, 0.0038440782, 0.044098265, 0.043831423, -0.053260054, 0.9976184, 0.0061835325, 0.9985732, 0.05303932, -0.1272189, 0.23014234, -0.004967175)
bone_idx = 20

[node name="Suit_02" parent="space_man_model/Skeleton3D" index="6" unique_id=267848438]
transform = Transform3D(-3.721081e-08, 6.126726e-08, 1, 0.9915833, 0.12947673, 8.877743e-08, -0.12947674, 0.9915831, -5.9651297e-09, -1.5404655e-08, 0.19251946, -0.0048182765)
bone_idx = 8

[node name="AnimationPlayer" parent="." index="1" unique_id=2146465742]
speed_scale = 2.0
